2025-04-08 18:39:24.888990 - OpenCV GUI 测试完成
2025-04-08 18:39:25.375810 - 加载脚本: /Users/helloppx/PycharmProjects/GameAI/outputs/recordlogs/scene1_2025-04-07_183928.json
2025-04-08 18:39:25.376513 - 检测到 5 个设备: ['OnePlus-KB2000-1080x2400', 'Redmi-22041216C-1080x2460', 'HUAWEI-JAD-AL00-1228x2700', 'HUAWEI-NOH-AL10-1344x2772', 'OnePlus-ONEPLUS A5010-1080x2160']
2025-04-08 18:39:25.377056 - 开始回放
2025-04-08 18:39:25.390713 - 创建窗口: Device OnePlus-KB2000-1080x2400
2025-04-08 18:39:25.397379 - 创建窗口: Device Redmi-22041216C-1080x2460
2025-04-08 18:39:25.404194 - 创建窗口: Device HUAWEI-JAD-AL00-1228x2700
2025-04-08 18:39:25.408274 - 创建窗口: Device HUAWEI-NOH-AL10-1344x2772
2025-04-08 18:39:25.412905 - 创建窗口: Device OnePlus-ONEPLUS A5010-1080x2160
2025-04-08 18:39:25.414066 - 设备 OnePlus-KB2000-1080x2400 开始回放
2025-04-08 18:39:25.414164 - 设备 Redmi-22041216C-1080x2460 开始回放
2025-04-08 18:39:25.414282 - 设备 HUAWEI-JAD-AL00-1228x2700 开始回放
2025-04-08 18:39:25.414539 - 设备 OnePlus-KB2000-1080x2400: 执行步骤 2 - system-notices ()
2025-04-08 18:39:25.414599 - 设备 Redmi-22041216C-1080x2460: 执行步骤 2 - system-notices ()
2025-04-08 18:39:25.414741 - 设备 HUAWEI-NOH-AL10-1344x2772 开始回放
2025-04-08 18:39:25.414805 - 设备 HUAWEI-JAD-AL00-1228x2700: 执行步骤 2 - system-notices ()
2025-04-08 18:39:25.414848 - 设备 OnePlus-ONEPLUS A5010-1080x2160 开始回放
2025-04-08 18:39:25.415033 - 设备 OnePlus-ONEPLUS A5010-1080x2160: 执行步骤 2 - system-notices ()
2025-04-08 18:39:25.415348 - 设备 HUAWEI-NOH-AL10-1344x2772: 执行步骤 2 - system-notices ()
2025-04-08 18:39:26.589646 - 设备 5c41023b 截图已放入队列
2025-04-08 18:39:26.686422 - 显示窗口: Device OnePlus-KB2000-1080x2400
2025-04-08 18:39:26.687524 - 刷新窗口: Device OnePlus-KB2000-1080x2400
2025-04-08 18:39:26.809330 - 刷新窗口: Device OnePlus-KB2000-1080x2400
2025-04-08 18:39:26.930494 - 刷新窗口: Device OnePlus-KB2000-1080x2400
2025-04-08 18:39:27.053247 - 刷新窗口: Device OnePlus-KB2000-1080x2400
2025-04-08 18:39:27.175599 - 刷新窗口: Device OnePlus-KB2000-1080x2400
2025-04-08 18:39:27.260212 - 设备 a3833caf 截图已放入队列
2025-04-08 18:39:27.302469 - 显示窗口: Device OnePlus-ONEPLUS A5010-1080x2160
2025-04-08 18:39:27.306063 - 刷新窗口: Device OnePlus-KB2000-1080x2400
2025-04-08 18:39:27.309846 - 刷新窗口: Device OnePlus-ONEPLUS A5010-1080x2160
2025-04-08 18:39:27.446969 - 刷新窗口: Device OnePlus-KB2000-1080x2400
2025-04-08 18:39:27.456340 - 刷新窗口: Device OnePlus-ONEPLUS A5010-1080x2160
2025-04-08 18:39:27.622794 - 刷新窗口: Device OnePlus-KB2000-1080x2400
2025-04-08 18:39:27.626777 - 刷新窗口: Device OnePlus-ONEPLUS A5010-1080x2160
2025-04-08 18:39:27.757918 - 刷新窗口: Device OnePlus-KB2000-1080x2400
2025-04-08 18:39:27.759558 - 刷新窗口: Device OnePlus-ONEPLUS A5010-1080x2160
2025-04-08 18:39:27.810925 - 设备 5c41023b 截图已放入队列
2025-04-08 18:39:27.813644 - 设备 65WGZT7P9XHEKN7D 截图已放入队列
2025-04-08 18:39:27.892624 - 显示窗口: Device OnePlus-KB2000-1080x2400
2025-04-08 18:39:27.899177 - 显示窗口: Device Redmi-22041216C-1080x2460
2025-04-08 18:39:27.900148 - 刷新窗口: Device OnePlus-KB2000-1080x2400
2025-04-08 18:39:27.901146 - 刷新窗口: Device Redmi-22041216C-1080x2460
2025-04-08 18:39:27.902196 - 刷新窗口: Device OnePlus-ONEPLUS A5010-1080x2160
2025-04-08 18:39:28.053233 - 刷新窗口: Device OnePlus-KB2000-1080x2400
2025-04-08 18:39:28.054744 - 刷新窗口: Device Redmi-22041216C-1080x2460
2025-04-08 18:39:28.055671 - 刷新窗口: Device OnePlus-ONEPLUS A5010-1080x2160
2025-04-08 18:39:28.194619 - 刷新窗口: Device OnePlus-KB2000-1080x2400
2025-04-08 18:39:28.196570 - 刷新窗口: Device Redmi-22041216C-1080x2460
2025-04-08 18:39:28.197415 - 刷新窗口: Device OnePlus-ONEPLUS A5010-1080x2160
2025-04-08 18:39:28.260041 - 设备 CWM0222215003786 截图已放入队列
2025-04-08 18:39:28.338716 - 显示窗口: Device HUAWEI-JAD-AL00-1228x2700
2025-04-08 18:39:28.339632 - 刷新窗口: Device OnePlus-KB2000-1080x2400
2025-04-08 18:39:28.340444 - 刷新窗口: Device Redmi-22041216C-1080x2460
2025-04-08 18:39:28.341100 - 设备 OnePlus-KB2000-1080x2400: 尝试 1/15 未检测到 system-notices
2025-04-08 18:39:28.342288 - 刷新窗口: Device HUAWEI-JAD-AL00-1228x2700
2025-04-08 18:39:28.343462 - 刷新窗口: Device OnePlus-ONEPLUS A5010-1080x2160
2025-04-08 18:39:28.492190 - 刷新窗口: Device OnePlus-KB2000-1080x2400
2025-04-08 18:39:28.493480 - 刷新窗口: Device Redmi-22041216C-1080x2460
2025-04-08 18:39:28.495469 - 刷新窗口: Device HUAWEI-JAD-AL00-1228x2700
2025-04-08 18:39:28.496537 - 刷新窗口: Device OnePlus-ONEPLUS A5010-1080x2160
2025-04-08 18:39:28.646856 - 刷新窗口: Device OnePlus-KB2000-1080x2400
2025-04-08 18:39:28.648070 - 刷新窗口: Device Redmi-22041216C-1080x2460
2025-04-08 18:39:28.651945 - 刷新窗口: Device HUAWEI-JAD-AL00-1228x2700
2025-04-08 18:39:28.652883 - 刷新窗口: Device OnePlus-ONEPLUS A5010-1080x2160
2025-04-08 18:39:28.780562 - 设备 FVG0221729008356 截图已放入队列
2025-04-08 18:39:28.802706 - 刷新窗口: Device OnePlus-KB2000-1080x2400
2025-04-08 18:39:28.803726 - 刷新窗口: Device Redmi-22041216C-1080x2460
2025-04-08 18:39:28.806447 - 刷新窗口: Device HUAWEI-JAD-AL00-1228x2700
2025-04-08 18:39:28.807294 - 刷新窗口: Device OnePlus-ONEPLUS A5010-1080x2160
2025-04-08 18:39:28.952962 - 刷新窗口: Device OnePlus-KB2000-1080x2400
2025-04-08 18:39:28.953843 - 刷新窗口: Device Redmi-22041216C-1080x2460
2025-04-08 18:39:28.954860 - 刷新窗口: Device HUAWEI-JAD-AL00-1228x2700
2025-04-08 18:39:28.955580 - 刷新窗口: Device OnePlus-ONEPLUS A5010-1080x2160
2025-04-08 18:39:28.987903 - 设备 5c41023b 截图已放入队列
2025-04-08 18:39:29.102280 - 刷新窗口: Device OnePlus-KB2000-1080x2400
2025-04-08 18:39:29.105578 - 刷新窗口: Device Redmi-22041216C-1080x2460
2025-04-08 18:39:29.107115 - 刷新窗口: Device HUAWEI-JAD-AL00-1228x2700
2025-04-08 18:39:29.107992 - 刷新窗口: Device OnePlus-ONEPLUS A5010-1080x2160
2025-04-08 18:39:29.258429 - 刷新窗口: Device OnePlus-KB2000-1080x2400
2025-04-08 18:39:29.261949 - 刷新窗口: Device Redmi-22041216C-1080x2460
2025-04-08 18:39:29.264232 - 刷新窗口: Device HUAWEI-JAD-AL00-1228x2700
2025-04-08 18:39:29.266051 - 刷新窗口: Device OnePlus-ONEPLUS A5010-1080x2160
2025-04-08 18:39:29.350495 - 设备 a3833caf 截图已放入队列
2025-04-08 18:39:29.364581 - 设备 OnePlus-ONEPLUS A5010-1080x2160: 检测到 system-notices 并点击: (1235.9, 261.6)
2025-04-08 18:39:29.419446 - 刷新窗口: Device OnePlus-KB2000-1080x2400
2025-04-08 18:39:29.420580 - 刷新窗口: Device Redmi-22041216C-1080x2460
2025-04-08 18:39:29.422487 - 刷新窗口: Device HUAWEI-JAD-AL00-1228x2700
2025-04-08 18:39:29.423421 - 刷新窗口: Device OnePlus-ONEPLUS A5010-1080x2160
2025-04-08 18:39:29.569339 - 刷新窗口: Device OnePlus-KB2000-1080x2400
2025-04-08 18:39:29.571471 - 刷新窗口: Device Redmi-22041216C-1080x2460
2025-04-08 18:39:29.574171 - 刷新窗口: Device HUAWEI-JAD-AL00-1228x2700
2025-04-08 18:39:29.575317 - 刷新窗口: Device OnePlus-ONEPLUS A5010-1080x2160
2025-04-08 18:39:29.735708 - 刷新窗口: Device OnePlus-KB2000-1080x2400
2025-04-08 18:39:29.742255 - 刷新窗口: Device Redmi-22041216C-1080x2460
2025-04-08 18:39:29.747891 - 刷新窗口: Device HUAWEI-JAD-AL00-1228x2700
2025-04-08 18:39:29.750577 - 刷新窗口: Device OnePlus-ONEPLUS A5010-1080x2160
2025-04-08 18:39:29.911181 - 刷新窗口: Device OnePlus-KB2000-1080x2400
2025-04-08 18:39:29.912547 - 刷新窗口: Device Redmi-22041216C-1080x2460
2025-04-08 18:39:29.914281 - 刷新窗口: Device HUAWEI-JAD-AL00-1228x2700
2025-04-08 18:39:29.916869 - 刷新窗口: Device OnePlus-ONEPLUS A5010-1080x2160
2025-04-08 18:39:30.077213 - 刷新窗口: Device OnePlus-KB2000-1080x2400
2025-04-08 18:39:30.092954 - 刷新窗口: Device Redmi-22041216C-1080x2460
2025-04-08 18:39:30.103450 - 刷新窗口: Device HUAWEI-JAD-AL00-1228x2700
2025-04-08 18:39:30.109113 - 刷新窗口: Device OnePlus-ONEPLUS A5010-1080x2160
2025-04-08 18:39:30.188337 - 设备 5c41023b 截图已放入队列
2025-04-08 18:39:30.254947 - 刷新窗口: Device OnePlus-KB2000-1080x2400
2025-04-08 18:39:30.255977 - 刷新窗口: Device Redmi-22041216C-1080x2460
2025-04-08 18:39:30.257195 - 刷新窗口: Device HUAWEI-JAD-AL00-1228x2700
2025-04-08 18:39:30.258353 - 刷新窗口: Device OnePlus-ONEPLUS A5010-1080x2160
2025-04-08 18:39:30.337790 - 设备 65WGZT7P9XHEKN7D 截图已放入队列
2025-04-08 18:39:30.406807 - 刷新窗口: Device OnePlus-KB2000-1080x2400
2025-04-08 18:39:30.407825 - 刷新窗口: Device Redmi-22041216C-1080x2460
2025-04-08 18:39:30.412137 - 刷新窗口: Device HUAWEI-JAD-AL00-1228x2700
2025-04-08 18:39:30.412951 - 刷新窗口: Device OnePlus-ONEPLUS A5010-1080x2160
2025-04-08 18:39:30.513599 - 设备 Redmi-22041216C-1080x2460: 尝试 1/15 未检测到 system-notices
2025-04-08 18:39:30.557492 - 刷新窗口: Device OnePlus-KB2000-1080x2400
2025-04-08 18:39:30.558579 - 刷新窗口: Device Redmi-22041216C-1080x2460
2025-04-08 18:39:30.559792 - 刷新窗口: Device HUAWEI-JAD-AL00-1228x2700
2025-04-08 18:39:30.560679 - 刷新窗口: Device OnePlus-ONEPLUS A5010-1080x2160
2025-04-08 18:39:30.709090 - 刷新窗口: Device OnePlus-KB2000-1080x2400
2025-04-08 18:39:30.709968 - 刷新窗口: Device Redmi-22041216C-1080x2460
2025-04-08 18:39:30.711073 - 刷新窗口: Device HUAWEI-JAD-AL00-1228x2700
2025-04-08 18:39:30.711996 - 刷新窗口: Device OnePlus-ONEPLUS A5010-1080x2160
2025-04-08 18:39:30.755040 - 设备 CWM0222215003786 截图已放入队列
2025-04-08 18:39:30.866105 - 刷新窗口: Device OnePlus-KB2000-1080x2400
2025-04-08 18:39:30.867491 - 刷新窗口: Device Redmi-22041216C-1080x2460
2025-04-08 18:39:30.868995 - 刷新窗口: Device HUAWEI-JAD-AL00-1228x2700
2025-04-08 18:39:30.869915 - 刷新窗口: Device OnePlus-ONEPLUS A5010-1080x2160
2025-04-08 18:39:31.020278 - 刷新窗口: Device OnePlus-KB2000-1080x2400
2025-04-08 18:39:31.021419 - 刷新窗口: Device Redmi-22041216C-1080x2460
2025-04-08 18:39:31.022845 - 刷新窗口: Device HUAWEI-JAD-AL00-1228x2700
2025-04-08 18:39:31.023809 - 刷新窗口: Device OnePlus-ONEPLUS A5010-1080x2160
2025-04-08 18:39:31.032741 - 设备 FVG0221729008356 截图已放入队列
2025-04-08 18:39:31.170333 - 刷新窗口: Device OnePlus-KB2000-1080x2400
2025-04-08 18:39:31.171656 - 刷新窗口: Device Redmi-22041216C-1080x2460
2025-04-08 18:39:31.173170 - 刷新窗口: Device HUAWEI-JAD-AL00-1228x2700
2025-04-08 18:39:31.175952 - 刷新窗口: Device OnePlus-ONEPLUS A5010-1080x2160
2025-04-08 18:39:31.307591 - 设备 a3833caf 截图已放入队列
2025-04-08 18:39:31.327855 - 刷新窗口: Device OnePlus-KB2000-1080x2400
2025-04-08 18:39:31.328686 - 刷新窗口: Device Redmi-22041216C-1080x2460
2025-04-08 18:39:31.329664 - 刷新窗口: Device HUAWEI-JAD-AL00-1228x2700
2025-04-08 18:39:31.330360 - 刷新窗口: Device OnePlus-ONEPLUS A5010-1080x2160
2025-04-08 18:39:31.343105 - 设备 5c41023b 截图已放入队列
2025-04-08 18:39:31.477286 - 刷新窗口: Device OnePlus-KB2000-1080x2400
2025-04-08 18:39:31.478590 - 刷新窗口: Device Redmi-22041216C-1080x2460
2025-04-08 18:39:31.480044 - 刷新窗口: Device HUAWEI-JAD-AL00-1228x2700
2025-04-08 18:39:31.481038 - 刷新窗口: Device OnePlus-ONEPLUS A5010-1080x2160
2025-04-08 18:39:31.633139 - 刷新窗口: Device OnePlus-KB2000-1080x2400
2025-04-08 18:39:31.634240 - 刷新窗口: Device Redmi-22041216C-1080x2460
2025-04-08 18:39:31.635515 - 刷新窗口: Device HUAWEI-JAD-AL00-1228x2700
2025-04-08 18:39:31.637290 - 刷新窗口: Device OnePlus-ONEPLUS A5010-1080x2160
2025-04-08 18:39:31.790516 - 刷新窗口: Device OnePlus-KB2000-1080x2400
2025-04-08 18:39:31.792210 - 刷新窗口: Device Redmi-22041216C-1080x2460
2025-04-08 18:39:31.793859 - 刷新窗口: Device HUAWEI-JAD-AL00-1228x2700
2025-04-08 18:39:31.795727 - 刷新窗口: Device OnePlus-ONEPLUS A5010-1080x2160
2025-04-08 18:39:31.962855 - 刷新窗口: Device OnePlus-KB2000-1080x2400
2025-04-08 18:39:31.964185 - 刷新窗口: Device Redmi-22041216C-1080x2460
2025-04-08 18:39:31.966559 - 刷新窗口: Device HUAWEI-JAD-AL00-1228x2700
2025-04-08 18:39:31.967935 - 刷新窗口: Device OnePlus-ONEPLUS A5010-1080x2160
2025-04-08 18:39:32.142777 - 刷新窗口: Device OnePlus-KB2000-1080x2400
2025-04-08 18:39:32.146683 - 刷新窗口: Device Redmi-22041216C-1080x2460
2025-04-08 18:39:32.148757 - 刷新窗口: Device HUAWEI-JAD-AL00-1228x2700
2025-04-08 18:39:32.155528 - 刷新窗口: Device OnePlus-ONEPLUS A5010-1080x2160
2025-04-08 18:39:32.317816 - 刷新窗口: Device OnePlus-KB2000-1080x2400
2025-04-08 18:39:32.327815 - 刷新窗口: Device Redmi-22041216C-1080x2460
2025-04-08 18:39:32.330838 - 刷新窗口: Device HUAWEI-JAD-AL00-1228x2700
2025-04-08 18:39:32.331741 - 刷新窗口: Device OnePlus-ONEPLUS A5010-1080x2160
2025-04-08 18:39:32.469998 - 设备 HUAWEI-JAD-AL00-1228x2700: 尝试 1/15 未检测到 system-notices
2025-04-08 18:39:32.488668 - 刷新窗口: Device OnePlus-KB2000-1080x2400
2025-04-08 18:39:32.490088 - 刷新窗口: Device Redmi-22041216C-1080x2460
2025-04-08 18:39:32.493300 - 刷新窗口: Device HUAWEI-JAD-AL00-1228x2700
2025-04-08 18:39:32.497157 - 刷新窗口: Device OnePlus-ONEPLUS A5010-1080x2160
2025-04-08 18:39:32.615155 - 设备 5c41023b 截图已放入队列
2025-04-08 18:39:32.653223 - 刷新窗口: Device OnePlus-KB2000-1080x2400
2025-04-08 18:39:32.654241 - 刷新窗口: Device Redmi-22041216C-1080x2460
2025-04-08 18:39:32.655325 - 刷新窗口: Device HUAWEI-JAD-AL00-1228x2700
2025-04-08 18:39:32.657941 - 刷新窗口: Device OnePlus-ONEPLUS A5010-1080x2160
2025-04-08 18:39:32.704957 - 设备 65WGZT7P9XHEKN7D 截图已放入队列
2025-04-08 18:39:32.823299 - 刷新窗口: Device OnePlus-KB2000-1080x2400
2025-04-08 18:39:32.828186 - 刷新窗口: Device Redmi-22041216C-1080x2460
2025-04-08 18:39:32.833262 - 刷新窗口: Device HUAWEI-JAD-AL00-1228x2700
2025-04-08 18:39:32.835731 - 刷新窗口: Device OnePlus-ONEPLUS A5010-1080x2160
2025-04-08 18:39:32.989550 - 刷新窗口: Device OnePlus-KB2000-1080x2400
2025-04-08 18:39:32.990389 - 刷新窗口: Device Redmi-22041216C-1080x2460
2025-04-08 18:39:32.994861 - 刷新窗口: Device HUAWEI-JAD-AL00-1228x2700
2025-04-08 18:39:33.000962 - 刷新窗口: Device OnePlus-ONEPLUS A5010-1080x2160
2025-04-08 18:39:33.152987 - 刷新窗口: Device OnePlus-KB2000-1080x2400
2025-04-08 18:39:33.157299 - 刷新窗口: Device Redmi-22041216C-1080x2460
2025-04-08 18:39:33.159014 - 刷新窗口: Device HUAWEI-JAD-AL00-1228x2700
2025-04-08 18:39:33.159913 - 刷新窗口: Device OnePlus-ONEPLUS A5010-1080x2160
2025-04-08 18:39:33.233462 - 设备 CWM0222215003786 截图已放入队列
2025-04-08 18:39:33.312023 - 刷新窗口: Device OnePlus-KB2000-1080x2400
2025-04-08 18:39:33.313104 - 刷新窗口: Device Redmi-22041216C-1080x2460
2025-04-08 18:39:33.314145 - 刷新窗口: Device HUAWEI-JAD-AL00-1228x2700
2025-04-08 18:39:33.314854 - 刷新窗口: Device OnePlus-ONEPLUS A5010-1080x2160
2025-04-08 18:39:33.374695 - 设备 a3833caf 截图已放入队列
2025-04-08 18:39:33.466871 - 刷新窗口: Device OnePlus-KB2000-1080x2400
2025-04-08 18:39:33.467895 - 刷新窗口: Device Redmi-22041216C-1080x2460
2025-04-08 18:39:33.469031 - 刷新窗口: Device HUAWEI-JAD-AL00-1228x2700
2025-04-08 18:39:33.469723 - 刷新窗口: Device OnePlus-ONEPLUS A5010-1080x2160
2025-04-08 18:39:33.623083 - 刷新窗口: Device OnePlus-KB2000-1080x2400
2025-04-08 18:39:33.624079 - 刷新窗口: Device Redmi-22041216C-1080x2460
2025-04-08 18:39:33.625173 - 刷新窗口: Device HUAWEI-JAD-AL00-1228x2700
2025-04-08 18:39:33.625908 - 刷新窗口: Device OnePlus-ONEPLUS A5010-1080x2160
2025-04-08 18:39:33.663423 - 设备 FVG0221729008356 截图已放入队列
2025-04-08 18:39:33.762929 - 设备 5c41023b 截图已放入队列
2025-04-08 18:39:33.778945 - 刷新窗口: Device OnePlus-KB2000-1080x2400
2025-04-08 18:39:33.779878 - 刷新窗口: Device Redmi-22041216C-1080x2460
2025-04-08 18:39:33.780995 - 刷新窗口: Device HUAWEI-JAD-AL00-1228x2700
2025-04-08 18:39:33.781781 - 刷新窗口: Device OnePlus-ONEPLUS A5010-1080x2160
2025-04-08 18:39:33.901762 - 设备 HUAWEI-NOH-AL10-1344x2772: 检测到 system-notices 并点击: (992.4, 211.0)
2025-04-08 18:39:33.935684 - 刷新窗口: Device OnePlus-KB2000-1080x2400
2025-04-08 18:39:33.936550 - 刷新窗口: Device Redmi-22041216C-1080x2460
2025-04-08 18:39:33.938225 - 刷新窗口: Device HUAWEI-JAD-AL00-1228x2700
2025-04-08 18:39:33.938957 - 刷新窗口: Device OnePlus-ONEPLUS A5010-1080x2160
2025-04-08 18:39:34.088180 - 刷新窗口: Device OnePlus-KB2000-1080x2400
2025-04-08 18:39:34.090567 - 刷新窗口: Device Redmi-22041216C-1080x2460
2025-04-08 18:39:34.091556 - 刷新窗口: Device HUAWEI-JAD-AL00-1228x2700
2025-04-08 18:39:34.092332 - 刷新窗口: Device OnePlus-ONEPLUS A5010-1080x2160
2025-04-08 18:39:34.236030 - 刷新窗口: Device OnePlus-KB2000-1080x2400
2025-04-08 18:39:34.237054 - 刷新窗口: Device Redmi-22041216C-1080x2460
2025-04-08 18:39:34.239210 - 刷新窗口: Device HUAWEI-JAD-AL00-1228x2700
2025-04-08 18:39:34.240060 - 刷新窗口: Device OnePlus-ONEPLUS A5010-1080x2160
2025-04-08 18:39:34.390014 - 刷新窗口: Device OnePlus-KB2000-1080x2400
2025-04-08 18:39:34.390854 - 刷新窗口: Device Redmi-22041216C-1080x2460
2025-04-08 18:39:34.391983 - 刷新窗口: Device HUAWEI-JAD-AL00-1228x2700
2025-04-08 18:39:34.392747 - 刷新窗口: Device OnePlus-ONEPLUS A5010-1080x2160
2025-04-08 18:39:34.544631 - 刷新窗口: Device OnePlus-KB2000-1080x2400
2025-04-08 18:39:34.546000 - 刷新窗口: Device Redmi-22041216C-1080x2460
2025-04-08 18:39:34.547092 - 刷新窗口: Device HUAWEI-JAD-AL00-1228x2700
2025-04-08 18:39:34.547788 - 刷新窗口: Device OnePlus-ONEPLUS A5010-1080x2160
2025-04-08 18:39:34.695888 - 刷新窗口: Device OnePlus-KB2000-1080x2400
2025-04-08 18:39:34.697155 - 刷新窗口: Device Redmi-22041216C-1080x2460
2025-04-08 18:39:34.698227 - 刷新窗口: Device HUAWEI-JAD-AL00-1228x2700
2025-04-08 18:39:34.699222 - 刷新窗口: Device OnePlus-ONEPLUS A5010-1080x2160
2025-04-08 18:39:34.843896 - 刷新窗口: Device OnePlus-KB2000-1080x2400
2025-04-08 18:39:34.844734 - 刷新窗口: Device Redmi-22041216C-1080x2460
2025-04-08 18:39:34.845951 - 刷新窗口: Device HUAWEI-JAD-AL00-1228x2700
2025-04-08 18:39:34.846726 - 刷新窗口: Device OnePlus-ONEPLUS A5010-1080x2160
2025-04-08 18:39:34.942328 - 设备 5c41023b 截图已放入队列
2025-04-08 18:39:34.999309 - 刷新窗口: Device OnePlus-KB2000-1080x2400
2025-04-08 18:39:35.000117 - 刷新窗口: Device Redmi-22041216C-1080x2460
2025-04-08 18:39:35.001086 - 刷新窗口: Device HUAWEI-JAD-AL00-1228x2700
2025-04-08 18:39:35.001767 - 刷新窗口: Device OnePlus-ONEPLUS A5010-1080x2160
2025-04-08 18:39:35.124683 - 设备 65WGZT7P9XHEKN7D 截图已放入队列
2025-04-08 18:39:35.148488 - 刷新窗口: Device OnePlus-KB2000-1080x2400
2025-04-08 18:39:35.149379 - 刷新窗口: Device Redmi-22041216C-1080x2460
2025-04-08 18:39:35.150412 - 刷新窗口: Device HUAWEI-JAD-AL00-1228x2700
2025-04-08 18:39:35.151478 - 刷新窗口: Device OnePlus-ONEPLUS A5010-1080x2160
2025-04-08 18:39:35.304332 - 刷新窗口: Device OnePlus-KB2000-1080x2400
2025-04-08 18:39:35.305166 - 刷新窗口: Device Redmi-22041216C-1080x2460
2025-04-08 18:39:35.306251 - 刷新窗口: Device HUAWEI-JAD-AL00-1228x2700
2025-04-08 18:39:35.307011 - 刷新窗口: Device OnePlus-ONEPLUS A5010-1080x2160
2025-04-08 18:39:35.452577 - 刷新窗口: Device OnePlus-KB2000-1080x2400
2025-04-08 18:39:35.453424 - 刷新窗口: Device Redmi-22041216C-1080x2460
2025-04-08 18:39:35.454461 - 刷新窗口: Device HUAWEI-JAD-AL00-1228x2700
2025-04-08 18:39:35.455247 - 刷新窗口: Device OnePlus-ONEPLUS A5010-1080x2160
2025-04-08 18:39:35.550793 - 设备 a3833caf 截图已放入队列
2025-04-08 18:39:35.608581 - 刷新窗口: Device OnePlus-KB2000-1080x2400
2025-04-08 18:39:35.609415 - 刷新窗口: Device Redmi-22041216C-1080x2460
2025-04-08 18:39:35.611488 - 刷新窗口: Device HUAWEI-JAD-AL00-1228x2700
2025-04-08 18:39:35.616555 - 刷新窗口: Device OnePlus-ONEPLUS A5010-1080x2160
2025-04-08 18:39:35.773464 - 刷新窗口: Device OnePlus-KB2000-1080x2400
2025-04-08 18:39:35.778731 - 刷新窗口: Device Redmi-22041216C-1080x2460
2025-04-08 18:39:35.780311 - 刷新窗口: Device HUAWEI-JAD-AL00-1228x2700
2025-04-08 18:39:35.782764 - 刷新窗口: Device OnePlus-ONEPLUS A5010-1080x2160
2025-04-08 18:39:35.950825 - 刷新窗口: Device OnePlus-KB2000-1080x2400
2025-04-08 18:39:35.958967 - 刷新窗口: Device Redmi-22041216C-1080x2460
2025-04-08 18:39:35.969334 - 刷新窗口: Device HUAWEI-JAD-AL00-1228x2700
2025-04-08 18:39:35.973094 - 刷新窗口: Device OnePlus-ONEPLUS A5010-1080x2160
2025-04-08 18:39:36.067981 - 设备 CWM0222215003786 截图已放入队列
2025-04-08 18:39:36.114653 - 设备 5c41023b 截图已放入队列
2025-04-08 18:39:36.126994 - 显示窗口: Device HUAWEI-JAD-AL00-1228x2700
2025-04-08 18:39:36.128576 - 显示窗口: Device OnePlus-KB2000-1080x2400
2025-04-08 18:39:36.129436 - 刷新窗口: Device OnePlus-KB2000-1080x2400
2025-04-08 18:39:36.130208 - 刷新窗口: Device Redmi-22041216C-1080x2460
2025-04-08 18:39:36.131364 - 刷新窗口: Device HUAWEI-JAD-AL00-1228x2700
2025-04-08 18:39:36.132711 - 刷新窗口: Device OnePlus-ONEPLUS A5010-1080x2160
2025-04-08 18:39:36.289561 - 刷新窗口: Device OnePlus-KB2000-1080x2400
2025-04-08 18:39:36.290430 - 刷新窗口: Device Redmi-22041216C-1080x2460
2025-04-08 18:39:36.291678 - 刷新窗口: Device HUAWEI-JAD-AL00-1228x2700
2025-04-08 18:39:36.292410 - 刷新窗口: Device OnePlus-ONEPLUS A5010-1080x2160
2025-04-08 18:39:36.442939 - 刷新窗口: Device OnePlus-KB2000-1080x2400
2025-04-08 18:39:36.443921 - 刷新窗口: Device Redmi-22041216C-1080x2460
2025-04-08 18:39:36.446308 - 刷新窗口: Device HUAWEI-JAD-AL00-1228x2700
2025-04-08 18:39:36.447693 - 刷新窗口: Device OnePlus-ONEPLUS A5010-1080x2160
2025-04-08 18:39:36.600320 - 刷新窗口: Device OnePlus-KB2000-1080x2400
2025-04-08 18:39:36.601288 - 刷新窗口: Device Redmi-22041216C-1080x2460
2025-04-08 18:39:36.602458 - 刷新窗口: Device HUAWEI-JAD-AL00-1228x2700
2025-04-08 18:39:36.603300 - 刷新窗口: Device OnePlus-ONEPLUS A5010-1080x2160
2025-04-08 18:39:36.698628 - 设备 OnePlus-KB2000-1080x2400: 检测到 system-notices 并点击: (1129.0, 239.4)
2025-04-08 18:39:36.755031 - 刷新窗口: Device OnePlus-KB2000-1080x2400
2025-04-08 18:39:36.757158 - 刷新窗口: Device Redmi-22041216C-1080x2460
2025-04-08 18:39:36.758705 - 刷新窗口: Device HUAWEI-JAD-AL00-1228x2700
2025-04-08 18:39:36.759711 - 刷新窗口: Device OnePlus-ONEPLUS A5010-1080x2160
2025-04-08 18:39:36.799201 - 设备 FVG0221729008356 截图已放入队列
2025-04-08 18:39:36.910696 - 刷新窗口: Device OnePlus-KB2000-1080x2400
2025-04-08 18:39:36.911623 - 刷新窗口: Device Redmi-22041216C-1080x2460
2025-04-08 18:39:36.913343 - 刷新窗口: Device HUAWEI-JAD-AL00-1228x2700
2025-04-08 18:39:36.914349 - 刷新窗口: Device OnePlus-ONEPLUS A5010-1080x2160
2025-04-08 18:39:37.063505 - 刷新窗口: Device OnePlus-KB2000-1080x2400
2025-04-08 18:39:37.064431 - 刷新窗口: Device Redmi-22041216C-1080x2460
2025-04-08 18:39:37.065687 - 刷新窗口: Device HUAWEI-JAD-AL00-1228x2700
2025-04-08 18:39:37.066987 - 刷新窗口: Device OnePlus-ONEPLUS A5010-1080x2160
2025-04-08 18:39:37.212012 - 刷新窗口: Device OnePlus-KB2000-1080x2400
2025-04-08 18:39:37.215603 - 刷新窗口: Device Redmi-22041216C-1080x2460
2025-04-08 18:39:37.217021 - 刷新窗口: Device HUAWEI-JAD-AL00-1228x2700
2025-04-08 18:39:37.217778 - 刷新窗口: Device OnePlus-ONEPLUS A5010-1080x2160
2025-04-08 18:39:37.289790 - 设备 5c41023b 截图已放入队列
2025-04-08 18:39:37.366009 - 刷新窗口: Device OnePlus-KB2000-1080x2400
2025-04-08 18:39:37.367080 - 刷新窗口: Device Redmi-22041216C-1080x2460
2025-04-08 18:39:37.371859 - 刷新窗口: Device HUAWEI-JAD-AL00-1228x2700
2025-04-08 18:39:37.372778 - 刷新窗口: Device OnePlus-ONEPLUS A5010-1080x2160
2025-04-08 18:39:37.440372 - 设备 OnePlus-ONEPLUS A5010-1080x2160: 按钮 system-notices 未消失
2025-04-08 18:39:37.440466 - 设备 OnePlus-ONEPLUS A5010-1080x2160 因中止信号停止回放
2025-04-08 18:39:37.440552 - 设备 OnePlus-ONEPLUS A5010-1080x2160 回放完成
2025-04-08 18:39:37.555027 - 设备 65WGZT7P9XHEKN7D 截图已放入队列
2025-04-08 18:39:37.709115 - 设备 a3833caf 截图已放入队列
2025-04-08 18:39:38.520829 - 设备 5c41023b 截图已放入队列
2025-04-08 18:39:38.526814 - 设备 CWM0222215003786 截图已放入队列
2025-04-08 18:39:39.112881 - 设备 FVG0221729008356 截图已放入队列
