2025-04-08 18:50:24.144035 - 加载脚本: /Users/helloppx/PycharmProjects/GameAI/outputs/recordlogs/scene1_2025-04-07_183928.json
2025-04-08 18:50:24.144571 - 检测到 5 个设备: ['OnePlus-KB2000-1080x2400', 'Redmi-22041216C-1080x2460', 'HUAWEI-JAD-AL00-1228x2700', 'HUAWEI-NOH-AL10-1344x2772', 'OnePlus-ONEPLUS A5010-1080x2160']
2025-04-08 18:50:24.144773 - 开始回放
2025-04-08 18:50:24.268614 - 创建窗口: Device OnePlus-KB2000-1080x2400
2025-04-08 18:50:24.272142 - 创建窗口: Device Redmi-22041216C-1080x2460
2025-04-08 18:50:24.274659 - 创建窗口: Device HUAWEI-JAD-AL00-1228x2700
2025-04-08 18:50:24.276943 - 创建窗口: Device HUAWEI-NOH-AL10-1344x2772
2025-04-08 18:50:24.281155 - 创建窗口: Device OnePlus-ONEPLUS A5010-1080x2160
2025-04-08 18:50:24.281969 - 设备 Redmi-22041216C-1080x2460 开始回放
2025-04-08 18:50:24.282070 - 设备 OnePlus-KB2000-1080x2400 开始回放
2025-04-08 18:50:24.282105 - 设备 HUAWEI-JAD-AL00-1228x2700 开始回放
2025-04-08 18:50:24.282159 - 设备 HUAWEI-NOH-AL10-1344x2772 开始回放
2025-04-08 18:50:24.282398 - 设备 Redmi-22041216C-1080x2460: 执行步骤 2 - system-notices ()
2025-04-08 18:50:24.282527 - 设备 OnePlus-ONEPLUS A5010-1080x2160 开始回放
2025-04-08 18:50:24.282592 - 设备 OnePlus-KB2000-1080x2400: 执行步骤 2 - system-notices ()
2025-04-08 18:50:24.282676 - 设备 HUAWEI-NOH-AL10-1344x2772: 执行步骤 2 - system-notices ()
2025-04-08 18:50:24.282795 - 设备 OnePlus-ONEPLUS A5010-1080x2160: 执行步骤 2 - system-notices ()
2025-04-08 18:50:24.282890 - 设备 HUAWEI-JAD-AL00-1228x2700: 执行步骤 2 - system-notices ()
2025-04-08 18:50:25.805320 - 设备 5c41023b 截图已放入队列
2025-04-08 18:50:27.082075 - 设备 a3833caf 截图已放入队列
2025-04-08 18:50:27.089715 - 设备 65WGZT7P9XHEKN7D 截图已放入队列
2025-04-08 18:50:27.206444 - 设备 CWM0222215003786 截图已放入队列
2025-04-08 18:50:27.316422 - 设备 5c41023b 截图已放入队列
2025-04-08 18:50:28.472996 - 设备 FVG0221729008356 截图已放入队列
2025-04-08 18:50:28.727164 - 设备 OnePlus-KB2000-1080x2400: 检测到 system-notices 并点击: (992.6, 211.3)
2025-04-08 18:50:28.764209 - 设备 5c41023b 截图已放入队列
2025-04-08 18:50:28.767285 - 设备 5c41023b 更新点击: 步骤 2 - system-notices 在 (992.6, 211.3)
